City, Lat, Lng, Max Temp, Humidity, Cloudiness, Wind Speed, Country, Date
Usinsk, 65.99, 57.53, -11.7, 82, 13, 5.1, RU, 1609562937 
San Patricio, 28.02, -97.52, 53.6, 66, 75, 8.05, US, 1609562937 
Puerto Carreño, 6.19, -67.49, 76.6, 79, 52, 10.13, CO, 1609562937 
Heihe, 50.24, 127.49, -4, 53, 0, 6.71, CN, 1609562938 
Bluff, -46.6, 168.33, 57, 90, 98, 8.01, NZ, 1609562938 
Coyhaique, -45.58, -72.07, 59, 54, 0, 4.7, CL, 1609562938 
Mataura, -46.19, 168.86, 57, 90, 100, 8.01, NZ, 1609562938 
Rikitea, -23.12, -134.97, 78.22, 65, 88, 10.96, PF, 1609562939 
Upernavik, 72.79, -56.15, 15.55, 88, 94, 10.07, GL, 1609562939 
La Santisima Trinidad, -14.83, -64.9, 74.17, 95, 99, 2.95, BO, 1609562767 
Broome, 42.25, -75.83, 34, 92, 90, 10.29, US, 1609562940 
Djibouti, 11.5, 42.5, 77, 69, 90, 6.93, DJ, 1609562940 
Punta Arenas, -53.15, -70.92, 55, 62, 0, 24.16, CL, 1609562768 
Carman, 49.5, -98, 23, 92, 6, 5.12, CA, 1609562940 
Hermanus, -34.42, 19.23, 64.99, 69, 0, 8.99, ZA, 1609562941 
Hong Kong, 22.29, 114.16, 61, 34, 1, 3, HK, 1609562742 
Rong Kwang, 18.34, 100.32, 73.4, 49, 15, 3.36, TH, 1609562941 
Ushuaia, -54.8, -68.3, 62.6, 33, 40, 17.22, AR, 1609562941 
Sechura, -5.56, -80.82, 72.32, 70, 95, 10.22, PE, 1609562942 
Gorom-Gorom, 14.44, -0.24, 70.43, 23, 0, 4.34, BF, 1609562942 
Margate, 51.38, 1.39, 41, 91, 72, 1.99, GB, 1609562942 
La Plaine, 15.33, -61.25, 74.98, 73, 13, 22.62, DM, 1609562942 
Talnakh, 69.49, 88.4, -18.4, 75, 40, 15.66, RU, 1609562943 
Dikson, 73.51, 80.55, 12.97, 96, 100, 18.88, RU, 1609562943 
Kutum, 14.2, 24.67, 54.61, 36, 55, 3.6, SD, 1609562943 
Provideniya, 64.38, -173.3, 17.22, 95, 100, 18.99, RU, 1609562943 
Handan, 36.6, 114.47, 36.52, 56, 26, 7.92, CN, 1609562944 
Esperance, -33.87, 121.9, 68, 56, 90, 19.46, AU, 1609562944 
Te Anau, -45.42, 167.72, 54.27, 91, 100, 3.44, NZ, 1609562944 
Katsuura, 35.13, 140.3, 52, 52, 20, 5.82, JP, 1609562944 
Busselton, -33.65, 115.33, 82, 43, 9, 8.99, AU, 1609562885 
Ribeira Grande, 38.52, -28.7, 60.55, 83, 100, 28.01, PT, 1609562945 
Kapaa, 22.08, -159.32, 75.2, 78, 75, 17.22, US, 1609562717 
Zhigalovo, 54.81, 105.16, -15.99, 83, 99, 1.95, RU, 1609562945 
Lüshunkou, 38.8, 121.27, 26.6, 42, 0, 2.24, CN, 1609562946 
Bredasdorp, -34.53, 20.04, 51.8, 87, 6, 4.7, ZA, 1609562946 
Yulara, -25.24, 130.99, 107.6, 8, 0, 12.75, AU, 1609562946 
Iqaluit, 63.75, -68.51, -13, 75, 75, 2.24, CA, 1609562946 
Moberly, 39.42, -92.44, 28, 93, 87, 7.25, US, 1609562826 
Atuona, -9.8, -139.03, 78.12, 76, 30, 15.93, PF, 1609562947 
Puerto Ayora, -0.74, -90.35, 72, 94, 31, 6.08, EC, 1609562947 
Murray Bridge, -35.12, 139.27, 84.99, 32, 40, 17.36, AU, 1609562746 
Acapulco de Juárez, 16.86, -99.89, 72.55, 61, 0, 5.28, MX, 1609562948 
Pemangkat, 1.17, 108.97, 82.44, 76, 96, 3.94, ID, 1609562948 
Ketchikan, 55.34, -131.65, 35.51, 90, 100, 7.96, US, 1609562948 
Lebu, -37.62, -73.65, 55.62, 82, 0, 18.7, CL, 1609562949 
Cape Town, -33.93, 18.42, 63, 59, 0, 9.17, ZA, 1609562790 
Faanui, -16.48, -151.75, 80.85, 77, 28, 19.51, PF, 1609562949 
Albany, 42.6, -73.97, 33.01, 85, 100, 9.8, US, 1609562949 
Vaini, -21.2, -175.2, 78.8, 88, 75, 9.17, TO, 1609562950 
Walvis Bay, -22.96, 14.51, 63, 82, 87, 8.05, NA, 1609562950 
Bonoua, 5.27, -3.6, 80.6, 94, 40, 8.05, CI, 1609562950 
Tuktoyaktuk, 69.45, -133.04, -29.2, 73, 5, 13.87, CA, 1609562950 
Srednekolymsk, 67.45, 153.68, -35.12, 83, 75, 5.7, RU, 1609562951 
Hobart, -42.88, 147.33, 71.6, 53, 75, 13.87, AU, 1609562684 
Saint-Philippe, -21.36, 55.77, 84.2, 51, 0, 12.75, RE, 1609562951 
San Cristobal, 7.77, -72.22, 63.81, 87, 97, 1.25, VE, 1609562951 
Belmonte, -15.86, -38.88, 73.4, 88, 40, 1.12, BR, 1609562951 
Lerwick, 60.15, -1.15, 35.6, 75, 77, 9.17, GB, 1609562952 
Ifo, 6.81, 3.2, 78.8, 94, 20, 4.47, NG, 1609562952 
Hasaki, 35.73, 140.83, 52, 39, 20, 5.82, JP, 1609562952 
Norman Wells, 65.28, -126.83, -16.6, 75, 40, 8.05, CA, 1609562952 
Teguise, 29.06, -13.56, 60.8, 72, 75, 8.05, ES, 1609562952 
Bambous Virieux, -20.34, 57.76, 82, 65, 20, 12.75, MU, 1609562953 
Jamestown, 42.1, -79.24, 35.01, 100, 90, 13.87, US, 1609562766 
George Town, 5.41, 100.34, 82.4, 78, 40, 5.82, MY, 1609562953 
Hilo, 19.73, -155.09, 73.4, 73, 1, 4.12, US, 1609562564 
Shar, 49.59, 81.05, -16.73, 88, 99, 1.86, KZ, 1609562954 
Port Elizabeth, -33.92, 25.57, 66.2, 63, 20, 9.17, ZA, 1609562954 
Homer, 59.64, -151.55, 26.01, 85, 1, 4.7, US, 1609562954 
Klyuchi, 52.27, 79.17, -18.29, 87, 99, 4.12, RU, 1609562955 
Barrow, 71.29, -156.79, -11.2, 69, 90, 13.87, US, 1609562955 
Mmabatho, -25.85, 25.63, 60.8, 93, 90, 17.22, ZA, 1609562955 
Tokmak, 47.25, 35.71, 38.05, 92, 0, 7.16, UA, 1609562955 
East London, -33.02, 27.91, 62.6, 77, 40, 6.93, ZA, 1609562956 
Ridgecrest, 35.62, -117.67, 44.6, 39, 1, 3.36, US, 1609562859 
Hamilton, 39.18, -84.53, 46.99, 70, 90, 18.34, US, 1609562956 
Mahébourg, -20.41, 57.7, 80.6, 65, 20, 12.75, MU, 1609562957 
Codrington, -38.27, 141.97, 72.66, 75, 91, 12.91, AU, 1609562957 
Santiago de Cao, -7.96, -79.24, 68.09, 85, 100, 10.92, PE, 1609562957 
Saint Paul Harbor, 57.79, -152.41, 35.6, 74, 90, 11.41, US, 1609562957 
Mar del Plata, -38, -57.56, 64, 82, 0, 3.36, AR, 1609562958 
Tessalit, 20.2, 1.01, 59.94, 32, 0, 5.95, ML, 1609562958 
Airai, -8.93, 125.41, 71.69, 92, 83, 1.72, TL, 1609562958 
Zyryanka, 65.75, 150.85, -31.36, 84, 100, 9.8, RU, 1609562958 
Saint-Pierre, -21.34, 55.48, 84.2, 51, 0, 12.75, RE, 1609562959 
Burnie, -41.07, 145.92, 66.99, 62, 82, 11.99, AU, 1609562959 
Kholm-Zhirkovskiy, 55.52, 33.47, 34.27, 97, 100, 7.92, RU, 1609562959 
Cherskiy, 68.75, 161.3, -36.85, 82, 92, 3.4, RU, 1609562959 
Nabire, -3.37, 135.48, 86.58, 58, 92, 4.45, ID, 1609562785 
New Norfolk, -42.78, 147.06, 71.6, 53, 75, 13.87, AU, 1609562960 
Pacific Grove, 36.62, -121.92, 51.01, 87, 40, 1.36, US, 1609562960 
Mossamedes, -15.2, 12.15, 68.9, 80, 93, 3.65, AO, 1609562960 
Banjar, -8.19, 114.97, 86, 79, 20, 9.17, ID, 1609562960 
Tasiilaq, 65.61, -37.64, 32, 96, 100, 23.04, GL, 1609562961 
Mount Isa, -20.73, 139.5, 93.2, 41, 40, 10.29, AU, 1609562961 
Butaritari, 3.07, 172.79, 80.92, 78, 40, 16.98, KI, 1609562961 
Olafsvik, 64.89, -23.71, 41.02, 94, 100, 23.29, IS, 1609562961 
Longyearbyen, 78.22, 15.64, 33.8, 69, 75, 14.99, SJ, 1609562962 
São Félix do Xingu, -6.64, -51.99, 70.88, 95, 45, 0.85, BR, 1609562962 
Guerrero Negro, 27.98, -114.06, 56.39, 51, 0, 7.2, MX, 1609562962 
Kautokeino, 69.01, 23.04, 8.85, 95, 97, 3.87, NO, 1609562962 
Martapura, -3.42, 114.85, 86, 66, 20, 4.7, ID, 1609562962 
Nelson Bay, -32.72, 152.15, 72, 94, 90, 11.41, AU, 1609562963 
Caála, -12.85, 15.56, 58.35, 77, 100, 2.37, AO, 1609562963 
Lata, 40.16, -8.33, 44.01, 93, 20, 2.24, PT, 1609562963 
Vestmannaeyjar, 63.44, -20.27, 44.29, 82, 100, 14.74, IS, 1609562963 
Aklavik, 68.22, -135.01, -11.2, 76, 52, 10.29, CA, 1609562964 
Hithadhoo, -0.6, 73.08, 82.26, 73, 8, 9.78, MV, 1609562964 
Bachatskiy, 54.29, 86.13, -5.17, 90, 96, 0.54, RU, 1609562964 
Río Gallegos, -51.62, -69.22, 59, 58, 0, 12.75, AR, 1609562964 
Kualakapuas, -3.01, 114.39, 86, 66, 20, 4.7, ID, 1609562964 
Juba, 4.85, 31.58, 77.97, 58, 97, 3.6, SS, 1609562965 
Avarua, -21.21, -159.78, 80.6, 78, 95, 16.11, CK, 1609562965 
Nikolskoye, 59.7, 30.79, 33.01, 98, 75, 8.95, RU, 1609562965 
Itaituba, -4.28, -55.98, 73.06, 97, 40, 0.81, BR, 1609562965 
Mabaruma, 8.2, -59.78, 72.95, 97, 85, 1.79, GY, 1609562966 
Abéché, 13.83, 20.83, 69.1, 23, 100, 9.62, TD, 1609562966 
Kinlochleven, 56.71, -4.97, 28.99, 96, 87, 1.79, GB, 1609562966 
Constitución, -35.33, -72.42, 59.05, 68, 0, 6.04, CL, 1609562966 
Moshi, -3.35, 37.33, 66.2, 93, 75, 1.86, TZ, 1609562966 
Mehamn, 71.04, 27.85, 25.56, 94, 21, 7.65, NO, 1609562967 
Yellowknife, 62.46, -114.35, -29, 66, 5, 3.36, CA, 1609562967 
Nemuro, 43.32, 145.57, 19.4, 41, 75, 11.41, JP, 1609562967 
Beyneu, 45.32, 55.2, 26.47, 80, 96, 19.37, KZ, 1609562967 
Sørland, 67.67, 12.69, 40.19, 70, 0, 7.76, NO, 1609562968 
Sovetskaya Gavan', 48.97, 140.29, 1.13, 74, 83, 12.15, RU, 1609562968 
Moose Factory, 51.26, -80.61, 19.4, 92, 90, 5.82, CA, 1609562968 
Camacha, 33.08, -16.33, 59, 62, 40, 6.93, PT, 1609562968 
Cidreira, -30.18, -50.21, 67.48, 64, 0, 11.59, BR, 1609562969 
Qaanaaq, 77.48, -69.36, -2.02, 77, 38, 2.39, GL, 1609562969 
Tahoua, 14.89, 5.27, 66.2, 17, 0, 2.24, NE, 1609562969 
Toguchin, 55.24, 84.39, -11.74, 89, 90, 3.51, RU, 1609562969 
Kupang, -10.17, 123.58, 87.8, 79, 40, 14.99, ID, 1609562969 
Numan, 9.47, 12.03, 71.38, 30, 44, 2.44, NG, 1609562970 
Yarmouth, 41.71, -70.23, 42.01, 86, 90, 6.93, US, 1609562970 
Fairbanks, 64.84, -147.72, 0, 69, 75, 3.47, US, 1609562842 
Marana, 32.44, -111.23, 44.6, 33, 1, 1.48, US, 1609562971 
Bonthe, 7.53, -12.51, 77.34, 88, 1, 5.75, SL, 1609562971 
Valparaíso, -33.04, -71.63, 57.2, 100, 90, 4.7, CL, 1609562702 
Hastings, 50.86, 0.57, 39.99, 88, 96, 4, GB, 1609562971 
Flinders, -34.58, 150.86, 68, 90, 99, 5.01, AU, 1609562972 
Sola, -13.88, 167.55, 83.93, 70, 72, 7.02, VU, 1609562972 
Broken Hill, -31.95, 141.43, 73.4, 73, 40, 12.75, AU, 1609562972 
Eslöv, 55.84, 13.3, 34, 96, 97, 1.99, SE, 1609562972 
Monaghan, 54.25, -6.97, 33.8, 100, 90, 2.24, IE, 1609562973 
Saskylakh, 71.92, 114.08, -11.07, 88, 100, 14.54, RU, 1609562973 
Puerto Escondido, 15.85, -97.07, 71.6, 88, 40, 4.7, MX, 1609562973 
Lubango, -14.92, 13.49, 57.31, 65, 100, 2.91, AO, 1609562891 
Port Alfred, -33.59, 26.89, 66, 72, 44, 1.01, ZA, 1609562974 
Chokurdakh, 70.63, 147.92, -31.68, 84, 0, 4.97, RU, 1609562974 
Saldanha, -33.01, 17.94, 57.2, 54, 0, 6.93, ZA, 1609562974 
Havelock, 34.88, -76.9, 69.01, 100, 90, 14.99, US, 1609562974 
Adrar, 20.5, -10.07, 54.19, 44, 0, 7.02, MR, 1609562974 
Balgazyn, 51, 95.2, -12.51, 85, 97, 1.72, RU, 1609562975 
Vostok, 46.49, 135.88, -10.77, 82, 78, 5.32, RU, 1609562975 
Benjamin Constant, -4.38, -70.03, 75.2, 100, 40, 2.24, BR, 1609562975 
Kudahuvadhoo, 2.67, 72.89, 81.28, 74, 43, 4.92, MV, 1609562975 
Trelew, -43.25, -65.31, 72.34, 38, 0, 8.37, AR, 1609562976 
Cockburn Town, 21.46, -71.14, 77.11, 71, 21, 24.4, TC, 1609562976 
Riyadh, 24.69, 46.72, 50, 87, 40, 5.64, SA, 1609562855 
Kununurra, -15.77, 128.73, 100.4, 35, 83, 5.82, AU, 1609562976 
Aripuanã, -9.17, -60.63, 73.47, 90, 85, 0.92, BR, 1609562976 
Ures, 29.43, -110.4, 51.01, 72, 0, 3, MX, 1609562977 
Pecos, 31.42, -103.49, 32, 62, 1, 8.05, US, 1609562977 
Bay Roberts, 47.6, -53.26, 23, 77, 0, 1.01, CA, 1609562977 
Hokitika, -42.72, 170.97, 61.92, 61, 5, 8.14, NZ, 1609562977 
Saint-Augustin, 51.23, -58.65, 4.96, 85, 0, 13.38, CA, 1609562978 
Tilichiki, 60.47, 166.1, -3.48, 92, 100, 16.69, RU, 1609562978 
Namatanai, -3.67, 152.43, 85.48, 62, 28, 8.48, PG, 1609562978 
Carnarvon, -24.87, 113.63, 84.2, 70, 0, 17.22, AU, 1609562978 
Nome, 64.5, -165.41, 21.2, 67, 1, 11.41, US, 1609562978 
Khatanga, 71.97, 102.5, -5.91, 91, 100, 12.28, RU, 1609562979 
Ciudad Bolivar, 8.12, -63.55, 74.91, 84, 26, 10.51, VE, 1609562979 
Severodvinsk, 64.56, 39.83, 17.6, 92, 40, 8.95, RU, 1609562979 
Chui, -33.7, -53.46, 60.66, 82, 53, 4.25, UY, 1609562980 
Biak, -0.91, 122.88, 84.61, 69, 89, 0.51, ID, 1609562980 
Bokoro, 12.38, 17.06, 71.31, 22, 77, 7.52, TD, 1609562980 
Nanortalik, 60.14, -45.24, 29.95, 92, 89, 15.46, GL, 1609562981 
Timizart, 36.8, 4.27, 40.71, 83, 68, 8.86, DZ, 1609562981 
Wamba, 8.93, 8.6, 72.5, 29, 5, 2.57, NG, 1609562981 
Praia, 14.92, -23.51, 71.6, 83, 0, 13.87, CV, 1609562981 
São Filipe, 14.9, -24.5, 74.19, 74, 0, 8.37, CV, 1609562982 
Sinnamary, 5.38, -52.95, 77.41, 85, 100, 2.53, GF, 1609562982 
Pimentel, -6.84, -79.93, 68.67, 82, 100, 9.89, PE, 1609562982 
Marzuq, 14.4, 46.47, 66.92, 35, 71, 2.73, YE, 1609562982 
Gemena, 3.25, 19.77, 69.37, 84, 97, 2.62, CD, 1609562982 
Los Llanos de Aridane, 28.66, -17.92, 60.8, 77, 90, 8.05, ES, 1609562983 
São Sepé, -30.16, -53.57, 63.03, 54, 15, 7, BR, 1609562983 
Sept-Îles, 50.2, -66.38, 14, 66, 28, 4.7, CA, 1609562704 
Champerico, 14.3, -91.92, 68, 97, 89, 7.4, GT, 1609562984 
Fairlie, 55.76, -4.86, 32, 85, 37, 8.03, GB, 1609562984 
Fécamp, 49.76, 0.37, 37.4, 93, 90, 6.93, FR, 1609562984 
Kamina, -8.74, 24.99, 64.62, 97, 100, 3.87, CD, 1609562984 
Meulaboh, 4.14, 96.13, 85.46, 63, 48, 1.86, ID, 1609562985 
Kaitangata, -46.28, 169.85, 57.99, 83, 100, 17, NZ, 1609562985 
Pandan, 14.05, 124.17, 79.65, 86, 100, 19.93, PH, 1609562985 
Pevek, 69.7, 170.31, -17.41, 89, 100, 3.83, RU, 1609562985 
Cheltenham, 51.9, -2.08, 35.01, 86, 44, 8.01, GB, 1609562921 
Tambopata, -12.73, -69.18, 71.69, 98, 100, 1.79, PE, 1609562986 
Arraial do Cabo, -22.97, -42.03, 75.2, 94, 75, 2.24, BR, 1609562751 
Laas, 46.62, 10.7, 30.99, 100, 90, 2.24, IT, 1609562986 
Ponta do Sol, 32.67, -17.1, 59, 62, 40, 5.82, PT, 1609562987 
Glenwood Springs, 39.55, -107.32, 18, 92, 1, 9.17, US, 1609562822 
Kernersville, 36.12, -80.07, 37.4, 93, 90, 4.79, US, 1609562987 
La Ronge, 55.1, -105.28, 17.6, 92, 97, 0.89, CA, 1609562957 
Oriximiná, -1.77, -55.87, 74.73, 89, 26, 1.66, BR, 1609562987 
Churapcha, 62, 132.43, -39.64, 80, 100, 4.09, RU, 1609562988 
Meadow Lake, 34.8, -106.54, 35.6, 31, 75, 3.36, US, 1609562988 
Ancud, -41.87, -73.82, 48.99, 93, 0, 3.36, CL, 1609562988 
Cayenne, 4.93, -52.33, 75.2, 100, 90, 2.24, GF, 1609562988 
Auki, -8.77, 160.7, 86.54, 57, 97, 1.54, SB, 1609562989 
Esil, 51.96, 66.4, -7.67, 89, 93, 6.31, KZ, 1609562989 
Zbarazh, 49.66, 25.78, 32.74, 95, 0, 8.01, UA, 1609562990 
Turukhansk, 65.82, 87.98, -23.22, 86, 98, 3.2, RU, 1609562990 
Leningradskiy, 69.38, 178.42, -8.14, 89, 100, 5.77, RU, 1609562990 
Fortuna, 40.6, -124.16, 50, 93, 75, 4.61, US, 1609562927 
Touros, -5.2, -35.46, 75.2, 88, 20, 3.36, BR, 1609562990 
Valleyview, 55.07, -117.29, 26.6, 92, 100, 10.29, CA, 1609562991 
Ashquelon, 31.67, 34.57, 51.8, 93, 87, 1.12, IL, 1609562952 
Pisco, -13.7, -76.22, 66.2, 93, 20, 17.22, PE, 1609562991 
Ilhabela, -23.78, -45.36, 74.14, 84, 95, 6.17, BR, 1609562991 
Sitka, 57.05, -135.33, 42.8, 56, 90, 3.36, US, 1609562991 
Bilibino, 68.05, 166.44, -25.55, 83, 83, 2.33, RU, 1609562992 
Byron Bay, -28.65, 153.62, 80.01, 65, 90, 9.17, AU, 1609562992 
Naze, 28.37, 129.48, 64.4, 52, 75, 9.17, JP, 1609562992 
Ilulissat, 69.22, -51.1, 19.4, 48, 100, 21.92, GL, 1609562992 
Inírida, 3.87, -67.92, 72.46, 94, 76, 1.86, CO, 1609562993 
Klaksvík, 62.23, -6.59, 32, 84, 99, 6.93, FO, 1609562993 
Saint George, 37.1, -113.58, 39.2, 48, 1, 3.36, US, 1609562886 
Robertson, 36.52, -86.87, 44.01, 87, 75, 9.17, US, 1609562993 
Lorengau, -2.02, 147.27, 85.59, 72, 100, 9.13, PG, 1609562994 
Tiznit Province, 29.58, -9.5, 46.6, 77, 8, 1.16, MA, 1609562994 
Ouadda, 8.08, 22.4, 66.79, 29, 94, 4.29, CF, 1609562994 
Lavrentiya, 65.58, -171, 14.52, 94, 97, 14.5, RU, 1609562995 
Hofn, 64.25, -15.21, 33.35, 85, 50, 2.48, IS, 1609562995 
Tiksi, 71.69, 128.87, -19.12, 88, 99, 4.7, RU, 1609562995 
Port Macquarie, -31.43, 152.92, 75, 83, 90, 10.29, AU, 1609562995 
Santa Lucía, 27.91, -15.54, 62.6, 72, 75, 10.29, ES, 1609562995 
Port Lincoln, -34.73, 135.87, 68.14, 61, 11, 18.34, AU, 1609562996 
Progreso, 21.28, -89.67, 78.01, 83, 75, 8.05, MX, 1609562996 
Yubileynyy, 58.78, 57.78, -2, 80, 100, 5.01, RU, 1609562996 
Solenzo, 12.18, -4.08, 71.89, 26, 0, 5.44, BF, 1609562997 
Clyde River, 70.47, -68.59, -18.4, 68, 1, 5.82, CA, 1609562997 
Kankan, 10.39, -9.31, 67.57, 26, 0, 2.13, GN, 1609562997 
Le Vauclin, 14.55, -60.84, 77, 69, 75, 12.75, MQ, 1609562997 
Chifeng, 42.27, 118.96, 5.68, 85, 3, 7.2, CN, 1609562998 
Sauda, 59.65, 6.35, 34, 79, 99, 1.01, NO, 1609562998 
Hualmay, -11.1, -77.61, 68.14, 88, 99, 6.76, PE, 1609562998 
Bengkulu, -3.8, 102.27, 85.26, 63, 97, 8.81, ID, 1609562998 
Camaná, -16.62, -72.71, 70.39, 84, 100, 5.84, PE, 1609562999 
Houston, 29.76, -95.36, 44.6, 70, 1, 11.41, US, 1609562432 
The Valley, 18.22, -63.06, 77, 69, 75, 13.87, AI, 1609562862 
Arinos, -15.92, -46.11, 70.36, 90, 100, 0.34, BR, 1609563000 
Safaga, 26.73, 33.94, 59, 72, 0, 11.41, EG, 1609563000 
Minbu, 20.18, 94.88, 80.74, 47, 17, 4.72, MM, 1609563000 
Salinópolis, -0.61, -47.36, 80.46, 81, 99, 10.85, BR, 1609563000 
Jadu, 31.95, 12.03, 41.49, 81, 0, 2.62, LY, 1609563001 
Havøysund, 71, 24.66, 26.6, 79, 75, 16.11, NO, 1609563001 
Juneau, 58.3, -134.42, 34, 90, 90, 7.34, US, 1609562703 
La Palma, 33.85, -118.05, 55.4, 47, 1, 1.25, US, 1609562782 
Makakilo City, 21.35, -158.09, 78.8, 61, 1, 9.17, US, 1609563002 
Morehead, 37.27, -87.18, 45, 70, 90, 9.17, US, 1609563002 
Aquiraz, -3.9, -38.39, 80.6, 83, 40, 12.75, BR, 1609563002 
Raudeberg, 61.99, 5.14, 35.01, 93, 100, 11.34, NO, 1609563003 
Horasan, 40.05, 42.17, 16.65, 89, 92, 0.58, TR, 1609563003 
Cabo San Lucas, 22.89, -109.91, 60.8, 59, 5, 5.82, MX, 1609562919 
Malumfashi, 11.79, 7.62, 63.93, 29, 0, 6.96, NG, 1609563003 
Iwanai, 42.97, 140.51, 17.91, 88, 100, 10.45, JP, 1609563004 
Ostrovnoy, 68.05, 39.51, 16.39, 94, 100, 10.83, RU, 1609563004 
Seddon, -37.81, 144.89, 81, 42, 40, 4.7, AU, 1609563004 
San Francisco, 37.77, -122.42, 52, 81, 40, 5.1, US, 1609563000 
Klyuchevsk, 57.12, 60.94, -0.4, 77, 40, 11.18, RU, 1609563004 
Kuching, 1.55, 110.33, 86, 74, 40, 2.24, MY, 1609563005 
Dingle, 11, 122.67, 83.77, 78, 74, 16.13, PH, 1609563005 
São José da Coroa Grande, -8.9, -35.15, 77.7, 80, 63, 8.52, BR, 1609563005 
Quatre Cocos, -20.21, 57.76, 82, 65, 20, 12.75, MU, 1609563005 
Narsaq, 60.92, -46.05, 35.6, 55, 100, 20.8, GL, 1609563006 
Bandarbeyla, 9.49, 50.81, 75.72, 66, 40, 19.48, SO, 1609563006 
Luau, -10.71, 22.22, 63.9, 98, 100, 4.05, AO, 1609563007 
Isangel, -19.55, 169.27, 78.98, 84, 100, 15.97, VU, 1609563007 
Bubaque, 11.28, -15.83, 80.22, 63, 0, 7.58, GW, 1609563008 
Geraldton, -28.77, 114.6, 87.8, 43, 0, 18.34, AU, 1609563008 
Ulladulla, -35.35, 150.47, 64.4, 100, 75, 10.29, AU, 1609562916 
Durban, -29.86, 31.03, 64.99, 82, 90, 4.7, ZA, 1609562802 
Carauari, -4.88, -66.9, 72.57, 96, 72, 1.9, BR, 1609563008 
Aitape, -3.14, 142.35, 85.21, 69, 97, 3.83, PG, 1609563009 
Oistins, 13.07, -59.53, 77, 69, 20, 20.8, BB, 1609563009 
Vila Franca do Campo, 37.72, -25.43, 59, 67, 40, 18.34, PT, 1609563009 
Saysain, 14.56, 120.39, 84.2, 54, 40, 14.99, PH, 1609563010 
Moose Jaw, 50.4, -105.53, 26.6, 79, 79, 13.87, CA, 1609563010 
Tigil', 57.8, 158.67, 8.6, 95, 100, 8.34, RU, 1609563010 
Port Hedland, -20.32, 118.57, 98.6, 47, 32, 16.11, AU, 1609563011 
Orotukan, 62.27, 151.7, -26.34, 83, 100, 3.18, RU, 1609563011 
Severo-Kuril'sk, 50.68, 156.12, 26.1, 95, 100, 22.93, RU, 1609563011 
Pierre, 44.37, -100.35, 30.2, 80, 1, 4.7, US, 1609562805 
Yar-Sale, 66.83, 70.83, -27.09, 83, 11, 9.08, RU, 1609563012 
Sweetwater, 25.76, -80.37, 75.99, 83, 75, 11.41, US, 1609563012 
Nogliki, 51.83, 143.17, -4.97, 80, 96, 13.71, RU, 1609563012 
Kuril'sk, 45.23, 147.88, 20.23, 90, 97, 10.58, RU, 1609563012 
Kulhudhuffushi, 6.62, 73.07, 82.33, 75, 97, 12.41, MV, 1609563013 
Balaipungut, 1.05, 101.28, 82.4, 69, 75, 6.93, ID, 1609563013 
Viedma, -40.81, -63, 68.5, 56, 0, 9.17, AR, 1609563013 
Souillac, -20.52, 57.52, 80.6, 65, 20, 12.75, MU, 1609563014 
Pangnirtung, 66.15, -65.71, -9.67, 77, 33, 2.64, CA, 1609563014 
Ucluelet, 48.93, -125.55, 50, 92, 100, 14.36, CA, 1609562975 
Taltal, -25.4, -70.48, 63.61, 79, 28, 3.38, CL, 1609563015 
Maceió, -9.67, -35.74, 73.4, 94, 20, 2.24, BR, 1609562765 
Bilma, 18.69, 12.92, 59.14, 28, 0, 1.95, NE, 1609563015 
Deputatsky, 69.3, 139.9, -34.94, 85, 98, 1.32, RU, 1609563015 
Buraidah, 26.33, 43.98, 55.4, 100, 40, 8.05, SA, 1609563015 
Honiara, -9.43, 159.95, 89.6, 62, 40, 5.82, SB, 1609562806 
Henties Bay, -22.12, 14.28, 63, 87, 100, 3, NA, 1609563016 
Neuquén, -38.95, -68.06, 71.6, 60, 0, 5.73, AR, 1609562895 
Lewistown, 40.6, -77.57, 33.8, 100, 90, 4.81, US, 1609563016 
Slave Lake, 55.28, -114.77, 21.2, 92, 90, 17.22, CA, 1609563016 
Anloga, 5.79, 0.9, 82.4, 83, 40, 10.29, GH, 1609563017 
Dicabisagan, 17.08, 122.42, 74.59, 83, 100, 12.86, PH, 1609563017 
Sawtell, -30.38, 153.1, 73.4, 78, 40, 10.29, AU, 1609563017 
Terney, 45.05, 136.61, 2.84, 78, 0, 14.65, RU, 1609563017 
Porto Belo, -27.16, -48.55, 75.99, 77, 0, 5.82, BR, 1609563018 
Bloomington, 44.84, -93.3, 18, 78, 1, 2.73, US, 1609563018 
Toppenish, 46.38, -120.31, 36, 97, 100, 4.41, US, 1609563018 
Lac du Bonnet, 50.25, -96.06, 23, 92, 0, 12.75, CA, 1609563018 
Yerofey Pavlovich, 53.97, 121.97, -6.75, 81, 16, 3.74, RU, 1609563019 
Torbay, 47.67, -52.73, 24.01, 73, 90, 18.34, CA, 1609563019 
Shelburne, 44.08, -80.2, 30.99, 96, 100, 10.67, CA, 1609563019 
Haines Junction, 60.75, -137.51, 1.42, 88, 100, 1.81, CA, 1609563020 
Wajir, 1.75, 40.06, 76.86, 68, 100, 11.83, KE, 1609563020 
Vao, -22.67, 167.48, 76.95, 89, 100, 11.39, NC, 1609563020 
Rock Springs, 41.59, -109.2, 15.8, 78, 1, 8.05, US, 1609563020 
Saint-Joseph, -21.37, 55.62, 84.2, 51, 0, 12.75, RE, 1609563020 
Goreloye, 52.94, 41.5, 31.5, 98, 100, 9.62, RU, 1609563021 
Betsiamites, 48.94, -68.65, 19.4, 78, 90, 3.36, CA, 1609563021 
Husavik, 66.04, -17.34, 33.8, 64, 20, 4.7, IS, 1609563021 
São João da Barra, -21.64, -41.05, 74.52, 92, 100, 4.09, BR, 1609562870 
Tuatapere, -46.13, 167.68, 57, 89, 99, 8.01, NZ, 1609563022 
Manchar, 19, 73.93, 75.99, 52, 100, 9.89, IN, 1609563022 
Beringovskiy, 63.05, 179.32, 27.9, 98, 100, 34, RU, 1609563022 
Nouadhibou, 20.93, -17.03, 60.8, 72, 0, 18.34, MR, 1609563022 
Susuman, 62.78, 148.17, -26.84, 82, 95, 3.2, RU, 1609563023 
Mastung, 29.8, 66.84, 40.03, 54, 0, 0.94, PK, 1609563023 
Kargasok, 59.06, 80.86, -28.21, 85, 0, 1.99, RU, 1609563023 
Samarai, -10.62, 150.67, 86.7, 72, 76, 11.54, PG, 1609563023 
Kütahya, 39.42, 29.98, 32, 92, 10, 4.7, TR, 1609562878 
Assiut, 27.18, 31.18, 46.4, 87, 0, 8.05, EG, 1609563024 
Ferrol, 43.48, -8.24, 43, 100, 40, 3.36, ES, 1609563024 
Alofi, -19.06, -169.92, 78.8, 94, 100, 5.82, NU, 1609563020 
Pervomayskoye, 43.92, 46.71, 35.08, 89, 9, 4.97, RU, 1609563025 
Lüderitz, -26.65, 15.16, 59, 77, 34, 5.82, NA, 1609563025 
Atar, 20.52, -13.05, 57.13, 45, 0, 7.02, MR, 1609563025 
Taoudenni, 22.68, -3.98, 57.54, 34, 0, 7.49, ML, 1609563025 
Shihezi, 44.3, 86.03, 13.73, 94, 100, 2.01, CN, 1609563026 
Dongsheng, 39.82, 109.98, 16.12, 77, 42, 6.04, CN, 1609563026 
Willowmore, -33.29, 23.49, 53.08, 74, 17, 13.87, ZA, 1609563026 
Portland, 45.52, -122.68, 48.2, 87, 90, 9.17, US, 1609562504 
Tres Picos, 15.87, -93.53, 75.88, 69, 98, 2.82, MX, 1609563026 
Zavyalovo, 54.51, 82.45, -38.2, 65, 75, 2.24, RU, 1609563027 
Mackay, -21.15, 149.2, 84.2, 74, 90, 17.22, AU, 1609563027 
Hambantota, 6.12, 81.12, 84.2, 89, 75, 12.75, LK, 1609563027 
Manyana, -23.4, 21.72, 69.44, 83, 96, 15.66, BW, 1609563028 
Comodoro Rivadavia, -45.87, -67.5, 73.4, 27, 0, 21.92, AR, 1609563028 
Livingstonia, -10.61, 34.11, 65.79, 85, 99, 0.87, MW, 1609563029 
San Andrés, 12.58, -81.7, 80.6, 78, 20, 10.29, CO, 1609563029 
Caceres, 39.52, -6.37, 36, 78, 0, 1.01, ES, 1609563029 
Santa Cruz de la Sierra, -17.8, -63.17, 71.6, 94, 78, 2.24, BO, 1609563030 
Agadez, 19.75, 10.25, 63.5, 26, 0, 6.24, NE, 1609563030 
Port Augusta, -32.5, 137.77, 88, 64, 0, 21.92, AU, 1609563030 
Prince Rupert, 54.32, -130.32, 42.8, 81, 90, 11.41, CA, 1609563030 
Grindavik, 63.84, -22.43, 37.4, 100, 90, 18.34, IS, 1609563031 
Orahovac, 42.4, 20.65, 30.99, 86, 0, 3.36, XK, 1609563031 
Umluj, 25.02, 37.27, 73.08, 60, 0, 8.59, SA, 1609563031 
Bandiagara, 14.35, -3.61, 71.69, 29, 0, 8.68, ML, 1609563031 
Kirakira, -10.45, 161.92, 85.08, 60, 70, 5.39, SB, 1609563032 
Vágur, 61.47, -6.81, 35.78, 81, 97, 14.72, FO, 1609563032 
Coquimbo, -29.95, -71.34, 60.8, 82, 41, 6.93, CL, 1609563032 
Kumul, 42.8, 93.45, 20.3, 74, 100, 2.95, CN, 1609563032 
Mangan, 27.52, 88.53, 70.03, 24, 96, 5.48, IN, 1609563033 
Quelimane, -17.88, 36.89, 78.8, 83, 40, 2.24, MZ, 1609563033 
Bintulu, 3.17, 113.03, 86, 79, 20, 2.24, MY, 1609563033 
Kwang Binh, 17.48, 106.6, 64.17, 69, 97, 11.97, VN, 1609563033 
Borkenes, 68.77, 16.17, 32, 96, 47, 8.01, NO, 1609563034 
Presidencia Roque Sáenz Peña, -26.79, -60.44, 73.99, 52, 1, 1.99, AR, 1609563034 
Itarema, -2.92, -39.92, 84.2, 74, 40, 12.62, BR, 1609563034 
Porto Velho, -8.76, -63.9, 75.2, 94, 20, 1.12, BR, 1609563035 
Longyan, 25.11, 117.02, 66, 18, 0, 3, CN, 1609563035 
Tumpat, 6.2, 102.17, 80.6, 78, 40, 9.17, MY, 1609563035 
Yingchuan, 34.16, 113.46, 44.6, 26, 0, 4.47, CN, 1609563035 
Kendari, -3.94, 122.5, 87.44, 67, 100, 3.98, ID, 1609563036 
Vestmanna, 62.16, -7.17, 32, 93, 86, 6.93, FO, 1609563036 
Bethel, 41.37, -73.41, 33.01, 97, 90, 6.93, US, 1609563036 
Saýat, 38.78, 63.88, 23, 92, 90, 4.7, TM, 1609563036 
Verkh-Usugli, 52.7, 115.17, -7.85, 76, 74, 1.36, RU, 1609563037 
Malchin, 53.73, 12.78, 37.4, 93, 100, 5.82, DE, 1609563037 
Thompson, 55.74, -97.86, 10.4, 85, 90, 3.36, CA, 1609562755 
Caravelas, -17.71, -39.25, 73.49, 93, 23, 5.68, BR, 1609563037 
Pochutla, 15.74, -96.47, 71.01, 77, 17, 2.95, MX, 1609563038 
Stevens Point, 44.52, -89.57, 24.8, 100, 90, 6.93, US, 1609563038 
Voskresenskoye, 56.84, 45.43, 23.59, 98, 100, 8.12, RU, 1609563038 
Fare, -16.7, -151.02, 81.34, 76, 5, 18.92, PF, 1609563038 
Erdenet, 49.03, 104.08, -5.78, 88, 6, 2.57, MN, 1609563039 
Aksarka, 66.56, 67.8, -29.94, 84, 19, 9.71, RU, 1609563039 
Kavieng, -2.57, 150.8, 86.13, 66, 81, 8.68, PG, 1609563039 
Terråk, 65.09, 12.37, 32, 90, 77, 6.93, NO, 1609563039 
Armidale, -30.52, 151.65, 64.99, 88, 93, 4, AU, 1609563039 
Ixtapa, 20.7, -105.2, 60.01, 88, 8, 2.77, MX, 1609563040 
Jalu, 29.03, 21.55, 55.45, 47, 65, 11.12, LY, 1609563040 
Bambanglipuro, -7.95, 110.28, 83.89, 71, 65, 9.66, ID, 1609563040 
Praia, 14.92, -23.51, 71.6, 83, 0, 13.87, CV, 1609563040 
Dali, 25.7, 100.18, 58.93, 34, 0, 6.85, CN, 1609563041 
Porto-Novo, 6.5, 2.6, 82.4, 83, 40, 9.17, BJ, 1609563041 
Krutikha, 53.96, 81.21, -26.18, 85, 79, 2.77, RU, 1609563041 
Galveston, 29.37, -94.97, 46.99, 70, 1, 10.29, US, 1609563041 
Colares, 38.8, -9.45, 48, 81, 0, 6.93, PT, 1609563041 
Limenaria, 40.63, 24.58, 48, 76, 0, 7.16, GR, 1609563042 
Iquitos, -3.75, -73.25, 75.2, 94, 75, 3.36, PE, 1609563042 
Akhty, 41.46, 47.73, 41.52, 46, 4, 3.78, RU, 1609563042 
Andenes, 69.31, 16.12, 35.6, 75, 74, 5.82, NO, 1609563042 
Peniche, 39.36, -9.38, 48.99, 77, 2, 8.99, PT, 1609563043 
Whitianga, -36.83, 175.7, 66.99, 93, 53, 3, NZ, 1609563043 
Nizhniy Baskunchak, 48.22, 46.83, 30.87, 93, 100, 6.51, RU, 1609563043 
Saint-Ambroise, 48.55, -71.33, 19.99, 85, 100, 5.82, CA, 1609563043 
Mbour, 14.42, -16.96, 68, 68, 0, 14.99, SN, 1609563044 
Pitimbu, -7.47, -34.81, 77, 83, 40, 4.7, BR, 1609563044 
Chiredzi, -21.05, 31.67, 75.52, 81, 73, 10.25, ZW, 1609563044 
Manokwari, -0.87, 134.08, 84.34, 71, 100, 4.54, ID, 1609563045 
Kirkenær, 60.46, 12.06, 32, 100, 75, 5.82, NO, 1609563045 
Xining, 36.62, 101.77, 23.97, 59, 68, 2.77, CN, 1609562937 
Dalby, -27.18, 151.27, 86, 40, 40, 11.41, AU, 1609563045 
Saurimo, -9.66, 20.39, 63.07, 96, 100, 4.81, AO, 1609563046 
Roald, 62.58, 6.13, 33.8, 95, 100, 8.05, NO, 1609563046 
Malakal, 9.53, 31.66, 72.46, 28, 100, 5.95, SS, 1609563046 
Rio Grande, -32.03, -52.1, 64, 85, 81, 8.46, BR, 1609562900 
Andijan, 40.78, 72.34, 19.4, 92, 0, 4.47, UZ, 1609563047 
Dillon, 34.42, -79.37, 53.6, 100, 90, 13.62, US, 1609563047 
Edd, 13.93, 41.69, 78.17, 46, 100, 16.28, ER, 1609563047 
Marawi, 8, 124.29, 82, 83, 100, 7, PH, 1609563047 
Padre Paraíso, -17.07, -41.48, 62.87, 95, 75, 0.31, BR, 1609563047 
Carballo, 43.21, -8.69, 39.99, 100, 40, 3.36, ES, 1609563048 
Antofagasta, -23.65, -70.4, 66.2, 82, 0, 2.24, CL, 1609563048 
Vardø, 70.37, 31.11, 29.48, 95, 95, 10.18, NO, 1609563048 
Carutapera, -1.2, -46.02, 78.51, 83, 100, 5.99, BR, 1609563048 
Puerto Plata, 19.79, -70.69, 68, 100, 20, 4.7, DO, 1609562756 
Ponta Porã, -22.54, -55.73, 68.56, 97, 0, 2.93, BR, 1609562763 
Tabou, 4.42, -7.35, 78.13, 89, 42, 8.05, CI, 1609563049 
Morón, -34.65, -58.62, 75.99, 58, 0, 3, AR, 1609562971 
College, 64.86, -147.8, 0, 69, 75, 3.71, US, 1609563049 
Juliaca, -15.5, -70.13, 43.95, 82, 100, 0.65, PE, 1609562802 
Northam, 51.03, -4.22, 39, 82, 14, 7, GB, 1609563050 
Ullapool, 57.9, -5.16, 33.01, 9, 97, 5.97, GB, 1609563050 
Tautira, -17.73, -149.15, 86, 55, 20, 8.05, PF, 1609563051 
Muli, 2.92, 73.57, 81.05, 75, 72, 5.73, MV, 1609563051 
Tulun, 54.56, 100.58, -10.73, 86, 7, 2.91, RU, 1609563051 
Almirante, 9.3, -82.4, 74.59, 81, 56, 4.56, PA, 1609563051 
Grenå, 56.42, 10.88, 32, 81, 90, 2.24, DK, 1609563051 
Pahrump, 36.21, -115.98, 42.01, 42, 25, 1.99, US, 1609563052 
Bonavista, 48.65, -53.11, 15.8, 78, 72, 3.36, CA, 1609563052 
Šoštanj, 46.38, 15.05, 39, 98, 100, 1.01, SI, 1609563052 
Cassilândia, -19.11, -51.73, 71.62, 74, 0, 0.76, BR, 1609563052 
Ampanihy, -24.7, 44.75, 82.85, 51, 0, 5.03, MG, 1609563053 
Faya, 18.39, 42.45, 50, 87, 0, 2.91, SA, 1609563053 
Senanga, -16.12, 23.27, 68.38, 93, 100, 4.27, ZM, 1609563053 
The Pas, 53.83, -101.25, 14, 92, 90, 2.24, CA, 1609563053 
Krasnosel'kup, 65.7, 82.47, -25.69, 85, 86, 6.6, RU, 1609563054 
Linfen, 36.09, 111.52, 38.44, 56, 96, 6.17, CN, 1609563054 
Oktyabr'skoye, 43.06, 44.74, 23, 92, 93, 8.95, RU, 1609563054 
Ahipara, -35.17, 173.17, 69.03, 75, 37, 5.7, NZ, 1609563055 
Liuzhou, 24.31, 109.39, 58.91, 33, 4, 4.32, CN, 1609563055 
Andapa, -14.65, 49.65, 74.84, 80, 98, 2.21, MG, 1609563055 
Nuuk, 64.18, -51.72, 24.8, 79, 99, 10.29, GL, 1609563055 
Xichang, 27.9, 102.26, 61, 40, 76, 4.14, CN, 1609563056 
Charters Towers, -20.1, 146.27, 80.56, 72, 100, 8.5, AU, 1609562873 
Poronaysk, 49.22, 143.12, 5.56, 85, 100, 8.39, RU, 1609563056 
Bariloche, -41.15, -71.31, 50, 57, 0, 5.82, AR, 1609563056 
Saint-François, 46.42, 3.91, 28.4, 92, 90, 3.36, FR, 1609563056 
Nyurba, 63.28, 118.33, -20.69, 87, 99, 6.2, RU, 1609563057 
Pontal do Paraná, -25.65, -48.51, 61, 99, 100, 5.86, BR, 1609563057 
Vytegra, 61.01, 36.45, 34.68, 93, 100, 9.78, RU, 1609563057 
Sungai Penuh, -2.08, 101.38, 78.71, 65, 96, 1.72, ID, 1609563058 
Takapau, -40.03, 176.35, 70, 72, 84, 1.01, NZ, 1609563058 
Burgeo, 47.62, -57.62, 24.04, 91, 13, 12.3, CA, 1609563058 
Ca Mau, 9.18, 105.15, 83.41, 56, 62, 8.01, VN, 1609563058 
Sokol'skoye, 57.14, 43.16, 26.11, 98, 97, 10.63, RU, 1609563059 
Vila Velha, -20.33, -40.29, 75.99, 78, 0, 10, BR, 1609563059 
Tura, 25.52, 90.22, 74.41, 43, 100, 1.99, IN, 1609563059 
Peace River, 56.25, -117.29, 21.2, 85, 90, 17.22, CA, 1609563059 
Malbork, 54.04, 19.03, 28.99, 100, 100, 6.82, PL, 1609563059 
Villa Vicente Guerrero, 19.12, -98.17, 49.06, 49, 0, 1.63, MX, 1609563060 
Stabat, 3.76, 98.45, 80.6, 94, 75, 11.41, ID, 1609563060 
Xiaolingwei, 32.03, 118.85, 42.8, 45, 0, 4.47, CN, 1609563060 
Nanpiao, 41.1, 120.75, 15.08, 71, 0, 1.21, CN, 1609563061 
Changping, 40.22, 116.22, 28, 58, 0, 4.47, CN, 1609563061 
Batagay, 67.63, 134.63, -36.53, 80, 43, 2.75, RU, 1609563061 
Mount Gambier, -37.83, 140.77, 82.4, 42, 40, 16.11, AU, 1609563061 
Castro, -24.79, -50.01, 61.92, 96, 87, 7.96, BR, 1609563062 
Lagoa, 39.05, -27.98, 59.54, 79, 100, 26.82, PT, 1609563062 
Vareš, 44.16, 18.33, 44.6, 70, 75, 9.17, BA, 1609563062 
Shenjiamen, 29.96, 122.3, 43.16, 60, 0, 11.39, CN, 1609563063 
Vilkaviškis, 54.65, 23.03, 31.19, 96, 98, 6.17, LT, 1609563063 
Kingisepp, 59.37, 28.61, 34.38, 97, 100, 4.68, RU, 1609563063 
Sturgis, 41.8, -85.42, 33.8, 99, 90, 4.7, US, 1609563063 
Visby, 57.64, 18.3, 34, 100, 100, 6.93, SE, 1609563064 
Nagato, 34.38, 131.2, 42.8, 80, 75, 5.82, JP, 1609563064 
Sioux Lookout, 50.1, -91.92, 21.2, 92, 90, 8.05, CA, 1609563064 
Abay, 49.63, 72.85, -29.2, 66, 40, 6.71, KZ, 1609563064 
Sorong, -0.88, 131.25, 84.27, 71, 100, 3.38, ID, 1609562850 
Bom Jesus do Itabapoana, -21.13, -41.68, 73.22, 89, 100, 2.24, BR, 1609563065 
Atambua, -9.11, 124.89, 83.05, 76, 79, 5.53, ID, 1609563065 
Yaan, 7.38, 8.57, 74.28, 88, 68, 5.55, NG, 1609563066 
Ierapetra, 35.01, 25.74, 63, 68, 16, 7.67, GR, 1609563066 
Kansanshi, -12.1, 26.43, 61.92, 98, 100, 3.91, ZM, 1609563066 
Sarangani, 5.4, 125.46, 82.85, 70, 89, 3.58, PH, 1609563066 
Krathum Baen, 13.65, 100.26, 84, 78, 25, 6.96, TH, 1609563067 
Mettur, 11.8, 77.8, 73.4, 73, 40, 11.41, IN, 1609563067 
Buchanan, 5.88, -10.05, 77, 94, 20, 5.88, LR, 1609563067 
Dogondoutchi, 13.64, 4.03, 71.85, 20, 0, 7.52, NE, 1609563067 
Idah, 7.11, 6.73, 73.63, 95, 38, 2.26, NG, 1609563068 
Seoul, 37.57, 126.98, 30.2, 25, 1, 8.72, KR, 1609563068 
Okha, 53.57, 142.95, -10.79, 86, 94, 19.42, RU, 1609563069 
Jaciara, -15.97, -54.97, 73.51, 72, 1, 1.07, BR, 1609563069 
Galesong, -5.32, 119.37, 84.2, 79, 40, 4.7, ID, 1609563070 
Weyburn, 49.67, -103.85, 12.2, 92, 95, 8.05, CA, 1609563070 
Linhares, -19.39, -40.07, 70.34, 96, 89, 2.26, BR, 1609563070 
Mumbai, 19.01, 72.85, 80.6, 74, 20, 1.1, IN, 1609563014 
George, -33.96, 22.46, 55.4, 76, 20, 3.36, ZA, 1609563071 
Muncar, -8.43, 114.33, 84.45, 74, 100, 6.22, ID, 1609563071 
Sharlyk, 52.92, 54.75, 9.97, 95, 100, 15.39, RU, 1609563071 
Fallon, 39.47, -118.78, 32, 72, 1, 5.82, US, 1609563071 
Ballina, -28.87, 153.57, 80.01, 65, 90, 9.17, AU, 1609563072 
Bull Savanna, 17.89, -77.59, 70.72, 80, 1, 10.45, JM, 1609563072 
Fort Nelson, 58.81, -122.7, 5, 84, 90, 9.17, CA, 1609563072 
Goundam, 16.41, -3.67, 68.63, 28, 0, 7.61, ML, 1609563072 
Sur, 22.57, 59.53, 72.12, 44, 0, 13.22, OM, 1609563072 
Ludvika, 60.15, 15.19, 33.01, 95, 100, 4.38, SE, 1609563073 
Messina, 38.19, 15.55, 59, 76, 40, 13.87, IT, 1609563073 
Torrington, 41.8, -73.12, 32, 92, 100, 4, US, 1609563073 
Kabanjahe, 3.1, 98.49, 80.6, 94, 75, 11.41, ID, 1609563073 
Maumere, -8.62, 122.21, 85.46, 68, 94, 4.99, ID, 1609563074 
Mollendo, -17.02, -72.01, 68.88, 86, 100, 4.43, PE, 1609563074 
Nokaneng, -19.67, 22.27, 72.1, 83, 100, 4.92, BW, 1609563074 
Kanungu, -0.96, 29.79, 62.17, 82, 91, 2.51, UG, 1609563074 
Katherine, -14.47, 132.27, 95, 50, 40, 10.29, AU, 1609562849 
Athens, 37.98, 23.72, 52, 81, 20, 4.7, GR, 1609562993 
Kerman, 30.28, 57.08, 19.4, 62, 0, 4.7, IR, 1609562956 
Zeya, 53.75, 127.27, -10.73, 76, 3, 2.24, RU, 1609563075 
Ngunguru, -35.62, 174.5, 66, 93, 99, 1.01, NZ, 1609563075 
Sabang, 5.89, 95.32, 81.25, 80, 64, 18.72, ID, 1609563076 
Praia da Vitória, 38.73, -27.07, 57.99, 76, 75, 21.36, PT, 1609563076 
Mardan, 34.2, 72.05, 44.6, 52, 0, 4.7, PK, 1609563076 
Thinadhoo, 0.53, 72.93, 82.31, 72, 74, 7.56, MV, 1609563077 
Chute-aux-Outardes, 49.12, -68.4, 14, 78, 90, 3.36, CA, 1609563077 
Gaziantep, 37.06, 37.38, 48.2, 66, 75, 7.49, TR, 1609563077 
Kabalo, -6.05, 26.92, 68.79, 97, 100, 1.45, CD, 1609563078 
Karratha, -20.74, 116.85, 96.49, 41, 2, 16.75, AU, 1609562825 
Chapada dos Guimarães, -15.46, -55.75, 82.4, 65, 0, 8.05, BR, 1609563078 
